#I+8.670000E+02
+2.000000E+00
+8.010000E+02
+8.010000E+02
+1.000000E+00
+0.000000E+00
+3.000000E+00
+0.000000E+00
+1.000000E+00
+1.000000E+00
+1.000000E+00
+1.000000E+00
+2.497000E+03
-1.092400E+04
+2.025600E+04
-1.299100E+04
-1.119200E+04
+0.000000E+00
+0.000000E+00
+0.000000E+00
+0.000000E+00
+0.000000E+00
+0.000000E+00
+0.000000E+00
+0.000000E+00
+0.000000E+00
+0.000000E+00
+0.000000E+00
+0.000000E+00
+0.000000E+00
+0.000000E+00
+0.000000E+00
+0.000000E+00
+0.000000E+00
+0.000000E+00
+0.000000E+00
+1.000000E+00
+0.000000E+00
+1.000000E+00
+0.000000E+00
+0.000000E+00
+0.000000E+00
+0.000000E+00
+0.000000E+00
+0.000000E+00
+1.000000E+00
+4.500000E+01
+4.500000E+01
+0.000000E+00
+0.000000E+00
+1.000000E+00
+0.000000E+00
+0.000000E+00
+0.000000E+00
+0.000000E+00
+0.000000E+00
+1.250000E+00
+2.517853E-04
+0.000000E+00
+1.000000E+03
+1.000000E+03
+1.000000E+00
+1.000000E+00
+0.000000E+00
+0.000000E+00
+5.0000011920928952E+01
+5.0000011920928952E+01
+6.218413E-14
+6.375157E-14
+1.944064E-13
+6.375508E-14
+1.010399E-13
+6.373423E-14
+2.510638E-11
+5.445143E-08
+2.267441E-07
+6.040507E-08
+1.097328E-11
+1.523308E-13
+6.373666E-13
+2.797934E-13
+1.243723E-13
+2.798452E-14
+1.321139E-13
+1.056997E-13
+7.771733E-14
+9.014908E-14
+1.399262E-14
+3.109608E-14
+2.020688E-14
+4.041639E-14
+1.383474E-13
+1.243478E-13
+4.041800E-14
+9.482311E-14
+3.107853E-15
+7.770611E-15
+4.972762E-14
+1.810157E-12
+1.293067E-11
+5.976085E-12
+9.945074E-14
+6.216595E-15
+1.554308E-15
+1.647492E-13
+1.943069E-13
+1.694056E-13
+3.108606E-14
+3.885621E-14
+5.751060E-14
+1.321041E-13
+3.186618E-13
+1.056856E-13
+2.440234E-13
+1.383005E-13
+5.751516E-14
+5.595255E-14
+4.042699E-14
+2.487531E-14
+3.109752E-15
+1.150267E-13
+6.373672E-14
+4.665351E-12
+2.836381E-11
+5.473291E-11
+3.807737E-11
+3.299229E-12
+1.508560E-13
+1.757413E-13
+3.111618E-15
+1.135583E-13
+1.649079E-13
+7.000311E-14
+1.820320E-13
+2.488913E-13
+2.023004E-13
+1.244546E-14
+3.111212E-14
+1.057638E-13
+2.488967E-14
+4.511236E-14
+1.556269E-15
+1.400546E-14
+2.645585E-14
+7.780609E-15
+5.759263E-14
+2.272580E-13
+2.024058E-14
+6.383690E-14
+1.556882E-14
+1.058419E-13
+3.113045E-15
+2.490253E-14
+1.401175E-14
+2.646014E-14
+5.292125E-14
+1.011678E-13
+5.759909E-14
+3.891765E-14
+1.401540E-14
+1.697252E-13
+1.136711E-13
+3.113636E-13
+3.502847E-13
+9.496665E-14
+3.114333E-15
+2.023946E-14
+9.031142E-14
+1.946512E-13
+3.893550E-14
+3.791240E-11
+1.831290E-10
+4.962485E-11
+4.019999E-12
+4.039527E-12
+1.012255E-13
+3.114082E-15
+8.254013E-14
+2.630761E-13
+7.628563E-14
+1.400824E-13
+2.646044E-14
+1.556758E-14
+1.650023E-13
+1.557079E-14
+1.323158E-13
+1.556732E-13
+2.553792E-13
+9.031920E-14
+3.893507E-14
+2.023979E-14
+2.023705E-14
+2.023546E-14
+2.800942E-14
+7.782240E-15
+8.247776E-14
+1.322564E-13
+3.018918E-13
+1.944750E-13
+0.000000E+00
+4.046036E-14
+2.023395E-14
+1.556697E-15
+4.045400E-14
+1.244855E-14
+7.780192E-15
+2.644967E-14
+3.112120E-14
+1.322672E-13
+7.624400E-14
+2.629041E-13
+1.617821E-13
+3.889628E-14
+5.756441E-14
+1.898374E-13
+4.044779E-14
+3.111158E-15
+6.222891E-15
+3.437155E-13
+1.518256E-12
+1.256836E-12
+3.607967E-13
+2.712394E-12
+1.159925E-12
+8.243043E-14
+3.888512E-14
+1.555573E-14
+8.088332E-14
+3.888403E-14
+3.111410E-14
+5.600589E-14
+3.111154E-14
+9.954964E-14
+4.042497E-13
+1.259489E-13
+2.021326E-14
+1.399292E-14
+2.021614E-14
+7.773779E-15
+1.523685E-13
+2.440728E-13
+4.042130E-14
+4.043182E-14
+5.307349E-12
+8.541768E-12
+1.071216E-12
+1.150337E-13
+1.399427E-13
+2.021190E-14
+7.619075E-14
+6.219942E-14
+2.269447E-13
+1.942953E-13
+1.399199E-14
+7.772720E-14
+2.316103E-13
+1.508337E-13
+5.751887E-14
+3.108931E-15
+5.752363E-14
+3.885856E-14
+3.885879E-14
+1.010543E-13
+1.134633E-13
+1.243082E-14
+4.538462E-13
+3.827195E-10
+1.752180E-09
+4.895225E-10
+1.010636E-13
+1.896431E-12
+8.180387E-12
+1.881262E-12
+1.554722E-14
+7.773053E-15
+2.797570E-14
+4.972005E-14
+3.108059E-15
+7.769120E-15
+1.553871E-15
+4.507298E-14
+7.613136E-14
+3.107480E-14
+4.972605E-14
+2.377681E-13
+2.766495E-13
+8.238992E-14
+2.020151E-14
+1.243164E-13
+1.383025E-13
+5.748575E-14
+3.883754E-14
+4.506099E-14
+1.507032E-13
+5.280886E-14
+2.019280E-14
+1.646321E-13
+5.280227E-14
+2.252394E-13
+9.476615E-14
+5.748579E-14
+1.553570E-14
+2.112182E-13
+1.117968E-13
+1.118235E-13
+2.251941E-13
+2.515820E-13
+9.008713E-14
+7.766113E-15
+3.105959E-14
+6.367503E-14
+1.397576E-13
+6.211171E-14
+3.883499E-14
+6.166144E-13
+3.816387E-12
+4.442559E-12
+3.430770E-13
+1.133146E-13
+1.595937E-12
+4.062610E-12
+2.871643E-13
+4.036651E-14
+8.070499E-14
+1.008835E-13
+1.055617E-13
+4.036507E-14
+2.266924E-13
+2.485076E-13
+2.111537E-13
+2.794039E-13
+1.692156E-13
+2.638521E-14
+1.381269E-13
+2.250817E-13
+9.001417E-14
+3.103435E-14
+4.500278E-14
+3.103468E-15
+1.567046E-13
+2.622853E-13
+4.035703E-14
+2.809385E-13
+9.002885E-14
+4.034238E-14
+1.815343E-13
+3.879800E-14
+2.265514E-13
+3.786992E-13
+3.104414E-13
+5.167145E-13
+4.297789E-13
+7.758435E-15
+8.067016E-14
+2.017113E-13
+4.501204E-13
+2.871110E-13
+1.055035E-13
+3.878754E-14
+2.792082E-14
+2.636937E-14
+8.439898E-13
+6.046907E-10
+2.898380E-09
+8.550087E-10
+5.584454E-14
+1.081156E-12
+2.017232E-13
+1.403233E-12
+3.060844E-12
+7.839577E-13
+2.017263E-13
+3.878558E-13
+2.311784E-13
+4.498488E-14
+4.498216E-14
+1.551585E-14
+1.551162E-14
+1.256078E-13
+6.978868E-14
+1.008159E-13
+1.240663E-13
+2.016319E-14
+7.758039E-15
+1.008569E-13
+1.116676E-13
+6.204025E-14
+1.073481E-12
+5.343115E-12
+2.458445E-12
+1.241079E-13
+1.551056E-14
+4.031470E-13
+8.389053E-13
+2.620697E-13
+7.751877E-14
+1.876212E-13
+1.551205E-13
+7.755620E-15
+1.550667E-15
+3.101030E-14
+3.876650E-14
+1.751655E-13
+6.898443E-13
+1.566334E-13
+3.427071E-13
+3.611994E-13
+4.728489E-13
+1.527551E-12
+8.590124E-13
+1.752085E-13
+3.238835E-12
+7.832961E-13
+2.992149E-13
+6.200548E-14
+4.496274E-14
+6.850655E-13
+1.271092E-12
+3.178263E-13
+1.240006E-13
+1.394968E-13
+1.146851E-13
+8.216180E-14
+3.100050E-14
+2.123522E-13
+3.008401E-13
+2.806718E-13
+5.736014E-14
+1.550582E-14
+3.101076E-14
+3.007260E-13
+1.317641E-13
+8.217121E-14
+5.580871E-13
+4.169051E-13
+3.378681E-13
+1.131644E-13
+2.479631E-14
+2.480122E-14
+2.232746E-13
+2.790865E-13
+2.759051E-13
+1.798013E-13
+7.750455E-15
+9.918975E-14
+5.269824E-14
+3.550195E-13
+2.108340E-13
+2.480071E-13
+3.425890E-13
+1.049501E-12
+8.261520E-13
+2.790528E-14
+4.729726E-13
+9.939746E-13
+4.495423E-13
+2.619434E-13
+1.429028E-12
+5.177513E-11
+1.845819E-10
+4.013725E-11
+3.293745E-12
+7.469905E-13
+1.317404E-13
+2.293970E-13
+2.634757E-13
+3.100168E-14
+1.256187E-13
+4.495213E-13
+5.734394E-14
+2.014932E-14
+7.749224E-14
+1.797675E-13
+3.130867E-13
+4.619314E-13
+9.452981E-14
+1.007237E-13
+6.028784E-13
+8.214174E-13
+2.991537E-13
+1.550526E-14
+1.504064E-13
+5.037937E-13
+4.246546E-13
+1.923604E-12
+1.478687E-12
+2.867211E-13
+2.867571E-13
+3.177666E-13
+3.502358E-13
+1.394637E-13
+1.937296E-13
+4.912698E-13
+5.036700E-13
+1.612203E-13
+6.355905E-14
+2.541622E-13
+1.564947E-13
+1.239896E-13
+8.987189E-14
+1.053649E-13
+1.611877E-13
+5.161601E-13
+8.988757E-14
+2.247127E-13
+1.024640E-12
+8.215896E-13
+1.431443E-11
+5.340573E-12
+1.007681E-13
+5.516438E-13
+4.617686E-13
+6.198988E-14
+5.577522E-14
+4.493454E-14
+1.379055E-13
+1.642844E-13
+1.549584E-13
+5.236912E-13
+4.727163E-13
+2.634280E-13
+1.875216E-13
+4.170843E-13
+5.225431E-13
+1.270930E-13
+2.634915E-14
+2.371789E-13
+6.973606E-13
+1.123436E-12
+3.983642E-13
+6.588174E-13
+1.503049E-13
+1.527758E-12
+2.247444E-12
+1.813273E-13
+9.919664E-14
+2.015513E-14
+3.100929E-15
+4.215559E-13
+3.750065E-13
+8.059669E-14
+4.742616E-13
+5.579180E-13
+1.131683E-13
+2.015695E-14
+8.991421E-14
+1.550141E-13
+2.294632E-13
+1.478842E-12
+1.196655E-12
+1.938459E-13
+3.489118E-13
+6.587991E-13
+1.898650E-12
+3.242858E-10
+1.544777E-09
+4.430117E-10
+1.340931E-12
+8.761016E-13
+6.355558E-14
+1.550219E-14
+2.015700E-13
+1.136457E-12
+1.529015E-12
+1.788723E-12
+3.381431E-13
+5.274083E-14
+4.589949E-13
+9.455533E-14
+5.270534E-14
+1.240250E-13
+5.270925E-14
+1.798452E-13
+1.007715E-13
+4.743023E-13
+7.641573E-13
+1.565852E-13
+5.240213E-13
+8.715367E-13
+5.040602E-13
+1.198482E-12
+9.068340E-13
+1.147348E-13
+2.868094E-13
+3.488529E-13
+2.248890E-12
+7.645376E-13
+2.759804E-13
+7.753198E-13
+9.456738E-14
+8.061713E-13
+7.258254E-13
+2.806990E-13
+1.318231E-13
+8.931688E-13
+1.526924E-12
+2.868181E-13
+8.062316E-14
+1.240265E-14
+1.938214E-13
+3.613551E-13
+6.202279E-15
+2.122829E-12
+7.706903E-12
+6.761460E-12
+3.842174E-12
+4.112006E-13
+1.054820E-13
+2.636718E-14
+4.032276E-14
+8.062812E-14
+5.271685E-13
+2.248985E-13
+1.744532E-12
+9.692733E-13
+5.660793E-13
+6.450823E-13
+1.271654E-13
+4.746679E-13
+1.271845E-13
+1.318831E-13
+2.017300E-13
+1.690756E-13
+2.109647E-13
+5.584996E-14
+7.834102E-13
+7.571512E-13
+2.234206E-13
+3.598949E-13
+2.016751E-13
+2.637345E-13
+1.566508E-13
+6.205314E-14
+3.103623E-14
+5.276464E-14
+2.250059E-13
+1.008531E-13
+2.264764E-13
+5.600277E-13
+4.499267E-13
+5.724557E-13
+4.593325E-13
+2.265882E-13
+5.275571E-14
+5.043334E-13
+9.933287E-13
+6.363446E-13
+1.055398E-13
+4.223099E-13
+1.243378E-12
+1.141431E-10
+7.015074E-10
+2.382665E-10
+1.551732E-13
+3.228700E-13
+1.505323E-13
+2.436361E-13
+4.749171E-13
+1.396555E-13
+3.181952E-13
+3.741683E-13
+5.744866E-13
+6.024458E-13
+1.133569E-13
+1.552366E-14
+3.431527E-13
+6.367861E-13
+1.645525E-13
+6.208376E-15
+0.000000E+00
+1.132744E-13
+1.505569E-13
+1.894060E-13
+4.858289E-13
+3.383687E-13
+7.607197E-14
+5.091385E-13
+7.761697E-14
+1.273256E-13
+2.638715E-13
+3.803104E-13
+6.597693E-13
+8.350219E-13
+2.871436E-13
+4.223304E-13
+6.039628E-13
+2.251041E-13
+1.319699E-13
+2.809425E-13
+5.743837E-14
+2.376008E-13
+8.725983E-13
+7.763431E-14
+3.803067E-13
+2.250691E-13
+2.639022E-14
+4.486235E-13
+3.881626E-13
+2.375053E-13
+8.600343E-13
+7.762289E-13
+1.552328E-13
+1.552972E-14
+0.000000E+00
+6.368147E-14
+1.056164E-13
+2.018678E-14
+3.882262E-14
+2.640131E-14
+4.596407E-13
+1.790282E-12
+1.293044E-12
+4.036956E-14
+2.810119E-13
+1.754745E-13
+2.795331E-14
+5.278959E-14
+3.975866E-13
+4.876165E-13
+2.313989E-13
+1.242690E-14
+2.640274E-13
+2.019093E-13
+8.074999E-14
+1.242338E-14
+1.242612E-13
+1.133938E-13
+9.009163E-14
+1.056106E-13
+9.474897E-14
+2.640578E-13
+1.397813E-13
+7.769433E-15
+1.242910E-14
+2.547474E-13
+6.989797E-14
+4.503551E-14
+2.640578E-14
+1.133752E-13
+8.232495E-14
+1.382663E-13
+6.026321E-13
+7.720128E-12
+1.895599E-11
+2.629473E-11
+6.163405E-12
+6.580773E-11
+4.025821E-10
+1.546449E-10
+2.021320E-12
+8.283229E-13
+2.112915E-13
+1.320675E-13
+4.505046E-14
+8.077829E-14
+1.274113E-13
+6.214397E-14
+7.771427E-14
+3.760571E-13
+1.075519E-12
+7.661961E-13
+7.772081E-14
+6.216869E-15
+9.948734E-14
+1.398733E-13
+1.554259E-15
+2.020250E-13
+1.274208E-13
+1.134194E-13
+1.056695E-13
+2.796511E-14
+9.010869E-14
+8.234000E-14
+1.755900E-13
+3.884641E-14
+6.216000E-14
+8.233182E-14
+8.077724E-14
+4.038141E-14
+4.504281E-14
+7.765806E-14
+7.612309E-14
+3.882674E-14
+6.368006E-14
+1.568670E-13
+1.320485E-13
+1.056458E-13
+6.214302E-14
+1.009553E-13
+3.805204E-13
+4.533880E-13
+1.940992E-13
+7.763594E-15
+9.472169E-14
+3.787209E-13
+9.576641E-13
+1.644977E-13
+2.017743E-14
+3.104350E-15
+7.763197E-15
+2.638474E-14
+2.638894E-14
+3.880191E-14
+1.133089E-13
+6.208099E-15
+1.552229E-14
+7.603049E-14
+1.815391E-13
+1.551164E-15
+2.792376E-14
+1.240884E-13
+3.878265E-14
+3.877369E-14
+2.543462E-13
+2.481190E-13
+1.008275E-13
+1.551013E-15
+8.221246E-14
+2.124217E-13
+1.814364E-13
+3.100406E-14
+1.310209E-12
+1.271365E-12
+1.550680E-13
+3.100776E-15
+6.202208E-15
+3.100900E-14
+1.240395E-13
+5.581298E-14
+3.876559E-14
+4.496153E-14
+6.201826E-15
+1.550287E-14
+2.635078E-14
+3.100731E-14
+7.751368E-14
+3.099759E-14
+3.100149E-14
+1.007628E-13
+3.099983E-14
+3.101063E-14
+1.240465E-13
+4.629435E-11
+2.910078E-10
+1.114134E-10
+4.294543E-13
+1.643840E-13
+6.202856E-15
+1.240211E-14
+1.395275E-14
+1.395321E-14
+1.317686E-13
+5.582238E-14
+1.395512E-14
+5.581128E-14
+3.876118E-14
+7.751405E-15
+1.240131E-14
+6.202477E-15
+7.752830E-15
+3.100346E-15
+3.100236E-14
+1.147233E-13
+1.317730E-13
+9.459883E-14
+5.273532E-14
+1.798805E-13
+1.565875E-13
