#I+8.670000E+02
+2.000000E+00
+8.010000E+02
+8.010000E+02
+1.000000E+00
+0.000000E+00
+3.000000E+00
+0.000000E+00
+1.000000E+00
+1.000000E+00
+1.000000E+00
+1.000000E+00
+2.497000E+03
-1.092400E+04
+2.025600E+04
-1.299100E+04
-1.119200E+04
+0.000000E+00
+0.000000E+00
+0.000000E+00
+0.000000E+00
+0.000000E+00
+0.000000E+00
+0.000000E+00
+0.000000E+00
+0.000000E+00
+0.000000E+00
+0.000000E+00
+0.000000E+00
+0.000000E+00
+0.000000E+00
+0.000000E+00
+0.000000E+00
+0.000000E+00
+0.000000E+00
+0.000000E+00
+1.000000E+00
+0.000000E+00
+1.000000E+00
+0.000000E+00
+1.000000E+00
+0.000000E+00
+0.000000E+00
+0.000000E+00
+0.000000E+00
+1.000000E+00
+4.500000E+01
+4.500000E+01
+0.000000E+00
+0.000000E+00
+1.000000E+00
+0.000000E+00
+0.000000E+00
+0.000000E+00
+0.000000E+00
+0.000000E+00
+1.250000E+02
+6.324552E-05
+0.000000E+00
+1.000000E+03
+1.000000E+03
+1.000000E+00
+1.000000E+00
+0.000000E+00
+0.000000E+00
+0.0000000000000000E+00
+0.0000000000000000E+00
+1.181833E-06
+3.098019E-07
+7.456593E-10
+8.027871E-11
+2.943722E-11
+3.455729E-11
+5.002762E-12
+1.450651E-12
+1.606960E-11
+1.403873E-11
+4.565792E-12
+3.816341E-12
+9.262868E-13
+1.114583E-12
+1.159084E-12
+5.642590E-13
+1.236053E-12
+2.037814E-12
+9.274616E-13
+1.628557E-13
+2.504536E-13
+2.503846E-14
+3.129251E-13
+2.127721E-13
+3.129056E-14
+2.503536E-13
+2.566674E-13
+2.817959E-13
+7.267050E-13
+2.131079E-13
+4.641034E-13
+5.585704E-13
+1.067785E-12
+2.573485E-13
+6.649489E-13
+2.232130E-12
+2.820403E-12
+7.581505E-13
+5.638015E-14
+2.129701E-13
+1.058583E-12
+5.575306E-12
+1.646596E-11
+9.451231E-12
+1.630151E-12
+4.579173E-13
+7.280719E-13
+3.328789E-13
+8.171272E-14
+4.522420E-13
+1.255458E-13
+6.274063E-15
+5.017153E-14
+1.003108E-13
+1.002884E-13
+3.133619E-13
+8.147177E-13
+4.512595E-13
+2.570099E-13
+6.082083E-13
+8.593264E-13
+9.601256E-13
+6.529971E-13
+5.654626E-13
+6.287626E-13
+1.570832E-13
+5.651680E-13
+4.079768E-13
+8.156329E-14
+4.265122E-13
+3.323624E-13
+5.078982E-13
+8.151409E-14
+5.016715E-14
+6.272078E-14
+2.509550E-14
+1.820121E-13
+6.279292E-15
+1.822046E-13
+4.652489E-13
+6.103229E-13
+2.326525E-13
+6.284430E-14
+3.140781E-14
+6.279302E-14
+2.573835E-13
+3.138301E-14
+3.263607E-13
+3.640276E-13
+8.160251E-14
+1.130131E-13
+1.130490E-13
+1.256621E-14
+5.029054E-14
+5.032111E-14
+8.182940E-14
+7.118552E-13
+4.658540E-13
+1.258331E-13
+2.515436E-13
+1.068643E-13
+0.000000E+00
+1.822081E-13
+3.078376E-13
+1.256473E-13
+8.167823E-14
+8.169362E-14
+1.634337E-13
+8.174799E-14
+5.662180E-14
+5.665428E-14
+5.039308E-13
+5.358361E-13
+3.653829E-13
+2.140661E-13
+1.573257E-13
+5.032485E-14
+6.288791E-15
+1.257517E-14
+2.514794E-14
+3.143497E-14
+3.143806E-14
+6.288840E-15
+1.006508E-13
+2.328455E-13
+2.833278E-13
+2.141944E-13
+1.828190E-13
+1.009437E-13
+1.134850E-13
+3.843650E-13
+1.007681E-13
+1.259110E-14
+2.832160E-13
+2.516970E-13
+2.831294E-13
+2.327928E-13
+6.292232E-14
+1.573342E-13
+2.518040E-13
+5.037945E-14
+1.134065E-13
+2.332440E-13
+1.577005E-13
+1.262550E-14
+6.308461E-14
+1.639240E-13
+1.827487E-13
+2.834633E-13
+6.864041E-13
+3.147992E-13
+1.259057E-13
+3.147587E-14
+6.295665E-14
+8.185779E-14
+3.149219E-14
+5.040575E-14
+3.151797E-14
+2.522828E-14
+8.204483E-14
+5.684231E-14
+3.155715E-14
+8.199932E-14
+6.304438E-14
+2.331673E-13
+6.299792E-14
+1.259670E-14
+1.259500E-14
+1.133502E-13
+3.274728E-13
+3.275201E-13
+1.007994E-13
+2.520818E-14
+5.674247E-14
+6.307981E-15
+8.205376E-14
+6.316261E-15
+2.587896E-13
+6.308205E-14
+5.674552E-14
+1.260500E-13
+3.276272E-13
+1.070854E-13
+1.259668E-13
+4.660615E-13
+3.653134E-13
+1.574867E-13
+1.827296E-13
+3.340673E-13
+2.522353E-13
+5.047357E-14
+6.313096E-15
+3.158792E-14
+1.641444E-13
+2.145227E-13
+2.837839E-13
+1.638963E-13
+1.008269E-13
+1.638060E-13
+4.283569E-13
+5.039260E-13
+6.299361E-14
+1.827065E-13
+1.134301E-13
+2.521476E-14
+3.153144E-14
+1.009514E-13
+1.578305E-13
+2.337494E-13
+8.206724E-14
+1.261750E-14
+2.522083E-14
+5.672017E-14
+4.094902E-13
+1.133645E-13
+3.337292E-13
+3.651740E-13
+5.351603E-13
+5.100146E-13
+6.297522E-15
+3.275555E-13
+3.087655E-13
+1.576025E-13
+6.307442E-13
+1.262271E-13
+6.307006E-14
+1.575803E-13
+4.094985E-13
+2.330000E-13
+6.295173E-14
+6.293610E-14
+5.348712E-13
+5.033722E-13
+8.179938E-14
+6.292924E-15
+1.132946E-13
+2.329491E-13
+1.574565E-13
+6.301152E-14
+7.880757E-13
+3.154306E-13
+8.195310E-14
+2.520043E-13
+3.652074E-13
+2.139891E-13
+1.069549E-13
+1.257935E-14
+1.069035E-13
+6.287752E-14
+3.143805E-14
+2.137928E-13
+1.572244E-13
+1.258097E-13
+3.146269E-14
+4.091841E-13
+1.826505E-13
+3.150994E-14
+6.297637E-15
+5.035057E-14
+6.290550E-14
+5.659038E-14
+0.000000E+00
+3.141991E-13
+6.534193E-13
+5.025851E-13
+4.271957E-13
+1.570702E-13
+5.655484E-14
+3.834139E-13
+6.664874E-13
+2.516121E-13
+6.293528E-15
+3.148648E-14
+1.258589E-13
+2.012517E-13
+3.142907E-14
+3.141518E-14
+1.633003E-13
+1.632553E-13
+1.067232E-13
+1.255430E-13
+1.255399E-14
+8.160562E-14
+1.067301E-13
+6.279651E-14
+2.324187E-13
+1.256809E-13
+8.173139E-14
+1.824256E-13
+6.286338E-14
+6.282652E-14
+1.255895E-13
+4.079926E-13
+4.580498E-13
+8.154915E-14
+1.567969E-13
+1.567814E-13
+2.132189E-13
+4.578227E-13
+3.136227E-13
+3.262416E-13
+2.510324E-14
+4.080865E-13
+1.821550E-13
+5.656206E-14
+1.130469E-13
+8.159577E-14
+1.003729E-13
+1.254105E-14
+8.148713E-14
+8.146393E-14
+5.012139E-14
+6.264391E-14
+3.132056E-13
+1.816656E-13
+1.628914E-13
+1.566569E-13
+3.259360E-12
+4.263753E-12
+3.638311E-13
+8.159031E-14
+2.508902E-13
+4.638925E-13
+6.265863E-13
+4.259110E-13
+1.064441E-13
+1.126785E-13
+6.258901E-14
+1.251674E-13
+1.126500E-13
+3.129386E-14
+3.067252E-13
+2.817500E-13
+6.263006E-14
+7.831737E-13
+7.835318E-13
+3.825680E-13
+1.629611E-13
+1.252867E-14
+1.252281E-13
+3.129476E-13
+2.502786E-13
+5.004361E-14
+6.254407E-15
+5.628453E-14
+6.253733E-14
+6.254105E-14
+3.127472E-14
+1.251251E-14
+4.255468E-13
+5.008234E-13
+1.252604E-14
+4.636997E-13
+8.141160E-14
+5.633193E-14
+3.128115E-14
+2.251374E-13
+6.314374E-13
+8.500472E-13
+1.062381E-13
+1.562176E-13
+8.123133E-14
+1.249776E-14
+4.062275E-13
+5.563282E-13
+2.501024E-13
+1.063299E-13
+4.567823E-13
+2.860976E-12
+1.451627E-12
+6.254121E-15
+6.251668E-14
+4.999724E-14
+1.249617E-14
+2.498778E-14
+4.996995E-14
+5.621386E-14
+3.123080E-14
+1.061952E-13
+1.999306E-13
+1.562330E-13
+5.626126E-14
+1.250724E-13
+8.133350E-13
+1.608735E-12
+9.071392E-13
+1.625786E-13
+2.500133E-13
+1.624498E-13
+2.248643E-13
+4.995853E-14
+8.116972E-14
+3.121630E-14
+1.560780E-13
+3.121702E-14
+2.809851E-13
+6.245247E-14
+6.246806E-15
+1.249757E-13
+1.025196E-12
+1.626046E-12
+9.063875E-13
+8.497655E-13
+9.306553E-13
+3.122075E-13
+0.000000E+00
+2.496660E-14
+6.241012E-13
+3.245207E-13
+1.560238E-13
+8.113993E-14
+2.247307E-13
+1.123904E-13
+6.807825E-13
+1.249584E-14
+4.562888E-13
+5.628195E-14
+2.312657E-13
+2.811462E-13
+5.620814E-14
+4.994715E-14
+5.617646E-14
+5.616589E-14
+1.622366E-13
+8.111312E-14
+1.559866E-13
+3.993500E-13
+2.808277E-13
+6.241777E-15
+6.243327E-14
+4.996215E-14
+1.249520E-13
+2.500126E-14
+6.247319E-14
+4.995755E-13
+7.053958E-13
+9.984892E-14
+1.247809E-13
+1.559475E-13
+8.108272E-14
+3.118365E-14
+1.559176E-13
+6.237045E-15
+4.553562E-13
+4.055245E-13
+4.617817E-13
+5.555488E-13
+4.246135E-13
+2.561222E-13
+1.810824E-13
+2.496764E-13
+1.123191E-13
+1.060518E-13
+2.494832E-13
+3.118086E-14
+5.612053E-14
+1.060019E-13
+6.235551E-14
+1.559012E-13
+2.494756E-13
+1.060475E-13
+5.615672E-14
+4.993226E-14
+4.995024E-14
+2.498551E-13
+1.248702E-13
+6.240963E-14
+3.119375E-13
+2.307641E-13
+1.808241E-13
+1.807886E-13
+4.986557E-14
+9.972214E-14
+1.059508E-13
+4.051124E-13
+1.558230E-13
+2.306460E-13
+1.059910E-13
+6.236177E-13
+1.247584E-12
+5.615996E-13
+6.237580E-15
+1.621222E-13
+2.306456E-13
+1.558042E-13
+3.115491E-13
+3.987264E-13
+3.986895E-13
+9.032418E-13
+7.973495E-13
+8.098525E-13
+1.806783E-12
+1.296099E-12
+5.048330E-13
+7.543236E-13
+2.775001E-12
+2.027396E-12
+3.304865E-13
+3.303665E-13
+9.097777E-13
+5.606698E-13
+4.048369E-13
+6.227142E-14
+2.303735E-13
+8.093497E-14
+3.112753E-14
+2.303447E-13
+1.021039E-12
+8.467969E-13
+8.095532E-14
+1.058846E-13
+1.245992E-13
+2.118780E-13
+4.609643E-13
+1.805844E-13
+6.225116E-15
+8.090482E-14
+6.222041E-15
+6.220898E-15
+1.617204E-13
+1.704116E-12
+1.554761E-12
+1.119412E-13
+1.554782E-13
+4.975654E-14
+2.488107E-13
+3.048404E-13
+6.222458E-14
+8.526810E-13
+4.044529E-13
+3.110494E-13
+6.468654E-13
+2.549775E-13
+1.057111E-13
+1.616648E-13
+1.243536E-13
+5.533773E-13
+6.217999E-13
+1.554627E-13
+2.549894E-13
+6.220235E-15
+1.617576E-13
+1.991326E-13
+6.224577E-14
+8.094444E-14
+2.489869E-14
+6.223060E-15
+4.044079E-13
+1.648424E-12
+1.274995E-12
+4.601855E-13
+6.031621E-12
+2.238415E-11
+5.173115E-12
+3.295414E-13
+4.539174E-13
+1.616822E-13
+5.099791E-13
+1.598585E-12
+2.488523E-12
+4.604761E-12
+4.211765E-12
+2.021492E-12
+7.773651E-13
+9.016179E-13
+1.050737E-12
+3.108448E-13
+1.274403E-12
+9.013913E-12
+4.898660E-12
+9.014427E-13
+3.233000E-13
+5.596160E-13
+2.549706E-13
+7.588185E-13
+3.110521E-13
+3.111224E-13
+1.244245E-12
+1.374655E-12
+3.109627E-13
+1.243702E-13
+1.989736E-13
+4.974000E-14
+7.274164E-13
+1.255860E-12
+8.082342E-14
+3.108701E-13
+5.285110E-13
+6.777959E-13
+4.042356E-13
+2.798939E-13
+2.239517E-13
+4.977644E-13
+1.617516E-13
+4.229948E-13
+1.623406E-12
+1.399392E-12
+1.125680E-12
+2.842118E-12
+1.616955E-12
+7.276441E-13
+1.355837E-12
+9.951731E-13
+4.603068E-13
+2.301781E-13
+8.088389E-14
+8.525214E-13
+1.107848E-12
+2.253479E-12
+2.794683E-12
+3.298460E-13
+9.272107E-13
+1.991162E-13
+1.617716E-12
+1.673637E-12
+2.513497E-12
+2.469921E-12
+5.599359E-14
+2.812195E-12
+2.644324E-12
+2.800045E-12
+2.713147E-12
+1.991494E-13
+4.481377E-13
+9.026192E-13
+1.898371E-12
+6.733785E-12
+1.525841E-11
+1.555577E-11
+8.225301E-12
+2.793455E-12
+5.536895E-12
+3.807277E-12
+2.886517E-12
+4.510170E-12
+8.087298E-14
+1.076260E-12
+4.392309E-12
+6.781687E-13
+2.115531E-12
+6.004861E-12
+3.235545E-12
+1.617670E-13
+9.954362E-14
+1.405993E-12
+9.082653E-13
+1.797825E-12
+3.297002E-12
+4.976584E-13
+4.603365E-12
+8.087114E-12
+2.115145E-12
+9.953966E-14
+2.488602E-14
+2.550956E-13
+7.280021E-13
+2.800215E-13
+1.275510E-12
+6.999007E-12
+5.772828E-12
+2.494275E-12
+9.515977E-13
+6.219092E-13
+3.233688E-12
+5.328999E-12
+3.513068E-12
+2.020678E-12
+1.821630E-12
+1.373934E-12
+1.554167E-13
+8.454410E-13
+1.690841E-12
+1.118919E-12
+4.972370E-13
+3.604541E-13
+2.547744E-13
+6.213313E-14
+2.745985E-12
+7.367405E-12
+6.062267E-12
+3.384842E-12
+8.942570E-13
+1.521337E-12
+2.210395E-12
+5.593795E-12
+4.295872E-12
+8.504142E-13
+2.433111E-12
+5.275481E-12
+1.117023E-12
+5.584433E-13
+2.264523E-12
+2.630251E-12
+3.039314E-12
+3.355250E-12
+2.877361E-12
+1.221494E-12
+5.579779E-13
+6.199034E-15
+3.285111E-13
+1.549403E-13
+2.478763E-13
+2.106711E-12
+3.779265E-13
+6.194827E-14
+6.008376E-13
+4.583245E-13
+3.579522E-12
+4.737124E-12
+3.126804E-12
+2.012096E-12
+1.590942E-12
+5.558449E-12
+2.976996E-12
+3.298500E-12
+1.367533E-12
+2.976092E-12
+5.568010E-12
+5.722096E-12
+1.144303E-12
+2.405886E-11
+2.353208E-11
+1.071728E-11
+4.755469E-12
+1.045045E-12
+3.178286E-12
+8.038136E-14
+1.150643E-11
+1.288471E-11
+6.244271E-12
+3.363130E-12
+6.182016E-13
+3.090911E-14
+6.552542E-13
+6.632730E-12
+2.767382E-11
+1.095617E-10
+3.326119E-11
+1.829662E-12
+3.214321E-13
+2.973306E-12
+7.912530E-12
+4.333480E-12
+1.089281E-11
+4.849409E-11
+2.156257E-11
+2.009019E-12
+6.181308E-13
+8.035392E-14
+7.169817E-13
+4.944586E-13
+4.756620E-11
+1.760480E-10
+4.831289E-11
+1.792796E-13
+1.440618E-12
+7.729818E-13
+3.092444E-13
+1.249573E-12
+5.147759E-12
+1.265547E-11
+5.972226E-12
+4.951440E-13
+1.367966E-12
+2.476241E-13
+3.126677E-12
+3.690671E-12
+2.730709E-11
+8.193108E-11
+1.251391E-11
+3.234051E-12
+2.955572E-12
+8.985678E-13
+1.983375E-12
+6.447229E-12
+1.054111E-13
+1.822213E-11
+7.472059E-12
+3.397494E-12
+3.403254E-12
+1.016550E-12
+1.797481E-12
+1.611537E-13
+1.103333E-12
+6.973932E-12
+2.633897E-12
+4.027495E-13
+3.097636E-13
+7.743467E-13
+6.008823E-13
+6.566631E-13
+1.270096E-12
+7.150908E-12
+4.583869E-12
+1.238552E-13
+3.095829E-14
+5.305779E-12
+2.311141E-11
+2.320635E-11
+3.144068E-11
+4.688561E-11
